1790951165236 1.73574 0
1790951177350 1.48553 1
1790951188575 1.38519 2
1790951199988 1.27755 3
1790951212021 1.28947 4
1790951223200 1.29765 5
1790951234050 1.27834 6
1790951244847 1.30769 7
1790951255756 1.31164 8
1790951267466 1.26176 9
1790951279172 1.23909 10
1790951291082 1.29505 11
1790951302602 1.29201 12
1790951314203 1.28153 13
1790951325715 1.2275 14
1790951337574 1.20819 15
1790951348771 1.2686 16
1790951360375 1.18016 17
1790951371477 1.19503 18
1790951383347 1.14806 19
1790951394317 1.2017 20
1790951405009 1.11611 21
1790951416104 1.15018 22
1790951427176 1.19951 23
1790951438775 1.16729 24
1790951449913 1.21489 25
1790951461443 1.19503 26
1790951472546 1.18197 27
1790951485900 1.10244 28
1790951497189 1.11537 29
1790951508359 1.11313 30
1790951519501 1.14686 31
1790951530447 1.0749 32
1790951541408 1.08937 33
1790951552353 1.11251 34
1790951720910 1.05174 35
1790951732289 1.11758 36
1790951745391 1.12612 37
1790951756963 1.06024 38
1790951769501 1.06906 39
1790952107154 0.95242 40
1790952119007 0.88577 41
1790952758799 0.89759 42
1790952771174 0.90308 43
1790952781893 0.91959 44
