1790951165236 6.30149 0
1790951177350 6.16178 1
1790951188575 6.02328 2
1790951199988 5.73847 3
1790951212021 5.60377 4
1790951223200 5.40141 5
1790951234050 5.02416 6
1790951244847 4.76748 7
1790951255756 4.49031 8
1790951267466 4.22774 9
1790951279172 4.02877 10
1790951291082 4.03259 11
1790951302602 3.86932 12
1790951314203 3.81664 13
1790951325715 3.7566 14
1790951337574 3.71402 15
1790951348771 3.66593 16
1790951360375 3.6197 17
1790951371477 3.2679 18
1790951383347 3.26654 19
1790951394317 3.26633 20
1790951405009 3.20859 21
1790951416104 2.98072 22
1790951427176 2.88023 23
1790951438775 3.05005 24
1790951449913 3.04134 25
1790951461443 2.79625 26
1790951472546 2.97686 27
1790951485900 2.88358 28
1790951497189 2.88666 29
1790951508359 2.65727 30
1790951519501 2.73224 31
1790951530447 2.64169 32
1790951541408 2.65897 33
1790951552353 2.67071 34
1790951720910 2.60993 35
1790951732289 2.74344 36
1790951745391 2.59259 37
1790951756963 2.4981 38
1790951769501 2.67735 39
1790952107154 3.25732 40
1790952119007 3.12679 41
1790952758799 3.01289 42
1790952771174 2.96861 43
1790952781893 2.96685 44
