1790951165236 0.02586 0
1790951177350 0.02253 1
1790951188575 0.02071 2
1790951199988 0.01798 3
1790951212021 0.01867 4
1790951223200 0.01884 5
1790951234050 0.01887 6
1790951244847 0.01777 7
1790951255756 0.01839 8
1790951267466 0.01737 9
1790951279172 0.01779 10
1790951291082 0.01754 11
1790951302602 0.01802 12
1790951314203 0.01775 13
1790951325715 0.01869 14
1790951337574 0.01788 15
1790951348771 0.01833 16
1790951360375 0.01754 17
1790951371477 0.01746 18
1790951383347 0.01624 19
1790951394317 0.01871 20
1790951405009 0.0154 21
1790951416104 0.01639 22
1790951427176 0.01644 23
1790951438775 0.0173 24
1790951449913 0.01799 25
1790951461443 0.01684 26
1790951472546 0.01714 27
1790951485900 0.01667 28
1790951497189 0.01574 29
1790951508359 0.01512 30
1790951519501 0.0166 31
1790951530447 0.0151 32
1790951541408 0.0158 33
1790951552353 0.01558 34
1790951720910 0.01481 35
1790951732289 0.01642 36
1790951745391 0.01569 37
1790951756963 0.01495 38
1790951769501 0.01467 39
1790952107154 0.01873 40
1790952119007 0.01756 41
1790952758799 0.01766 42
1790952771174 0.01758 43
1790952781893 0.01671 44
