1790948940097 1.81252 0
1790948953969 1.54484 1
1790948967119 1.34837 2
1790948979849 1.40264 3
1790948992540 1.2184 4
1790949004945 1.26342 5
1790949017363 1.27668 6
1790949029946 1.22072 7
1790949042558 1.20671 8
1790949055318 1.28767 9
1790949067804 1.25834 10
1790949080435 1.28726 11
1790949092998 1.19651 12
1790949105662 1.26984 13
1790949118781 1.30475 14
1790949131600 1.30651 15
1790949144321 1.23253 16
1790949156688 1.23552 17
1790949169185 1.25259 18
1790949181571 1.17677 19
1790949195256 1.20641 20
1790949207738 1.19453 21
1790949220601 1.27336 22
1790949233397 1.17132 23
1790949247117 1.17694 24
1790949259510 1.18762 25
1790949523168 1.1777 26
1790949536342 1.1316 27
1790949548970 1.10343 28
1790949561541 1.04883 29
1790949574247 1.09219 30
1790949586573 1.10978 31
1790949598923 1.09419 32
1790949611344 1.16775 33
1790949623739 1.09616 34
1790949636047 1.08217 35
1790949648487 1.10364 36
1790949661264 1.07248 37
1790949674290 1.06612 38
1790949687229 1.08993 39
1790949700310 0.90095 40
1790949712820 0.90546 41
1790949726266 0.91612 42
1790949738715 0.91306 43
1790949751391 0.89327 44
1790949763927 0.84615 45
1790949776207 0.87852 46
1790949788215 0.8596 47
1790949800457 0.86783 48
1790949812325 0.8789 49
