1790948940097 6.36621 0
1790948953969 6.50865 1
1790948967119 6.04711 2
1790948979849 5.79784 3
1790948992540 5.50881 4
1790949004945 5.30816 5
1790949017363 5.04542 6
1790949029946 4.92248 7
1790949042558 4.57848 8
1790949055318 4.44199 9
1790949067804 4.37279 10
1790949080435 4.06565 11
1790949092998 4.09797 12
1790949105662 3.80649 13
1790949118781 3.9184 14
1790949131600 3.6679 15
1790949144321 3.60877 16
1790949156688 3.37796 17
1790949169185 3.21167 18
1790949181571 3.47407 19
1790949195256 3.13558 20
1790949207738 3.22643 21
1790949220601 3.16073 22
1790949233397 3.14903 23
1790949247117 2.99175 24
1790949259510 2.94601 25
1790949523168 2.96069 26
1790949536342 2.78217 27
1790949548970 2.64453 28
1790949561541 2.78988 29
1790949574247 2.77107 30
1790949586573 2.68618 31
1790949598923 2.67783 32
1790949611344 2.59725 33
1790949623739 2.82091 34
1790949636047 2.55937 35
1790949648487 2.45655 36
1790949661264 2.43586 37
1790949674290 2.59621 38
1790949687229 2.60043 39
1790949700310 3.04991 40
1790949712820 2.9054 41
1790949726266 2.91605 42
1790949738715 2.89726 43
1790949751391 2.85085 44
1790949763927 2.8082 45
1790949776207 2.80289 46
1790949788215 2.74294 47
1790949800457 2.73426 48
1790949812325 2.72792 49
