1790948940097 0.02771 0
1790948953969 0.02314 1
1790948967119 0.02063 2
1790948979849 0.02075 3
1790948992540 0.01735 4
1790949004945 0.01897 5
1790949017363 0.01773 6
1790949029946 0.01781 7
1790949042558 0.01738 8
1790949055318 0.01849 9
1790949067804 0.01744 10
1790949080435 0.01882 11
1790949092998 0.01776 12
1790949105662 0.01756 13
1790949118781 0.0188 14
1790949131600 0.01861 15
1790949144321 0.01762 16
1790949156688 0.01729 17
1790949169185 0.01774 18
1790949181571 0.01783 19
1790949195256 0.01737 20
1790949207738 0.01676 21
1790949220601 0.01872 22
1790949233397 0.01789 23
1790949247117 0.01638 24
1790949259510 0.01745 25
1790949523168 0.01668 26
1790949536342 0.01537 27
1790949548970 0.01607 28
1790949561541 0.0144 29
1790949574247 0.01495 30
1790949586573 0.01667 31
1790949598923 0.01607 32
1790949611344 0.01561 33
1790949623739 0.01582 34
1790949636047 0.01515 35
1790949648487 0.01452 36
1790949661264 0.01506 37
1790949674290 0.01509 38
1790949687229 0.01599 39
1790949700310 0.01776 40
1790949712820 0.01784 41
1790949726266 0.01825 42
1790949738715 0.01775 43
1790949751391 0.01724 44
1790949763927 0.01681 45
1790949776207 0.01696 46
1790949788215 0.01654 47
1790949800457 0.01687 48
1790949812325 0.01705 49
