1790539102881 1e-05 0
1790539112347 0.08579 1
1790539123662 0.23152 2
1790539135106 0.35384 3
1790539144098 0.25561 4
1790539153382 0.40017 5
1790539163798 0.52785 6
1790539172680 0.5193 7
1790539182266 0.59387 8
1790539191692 0.65479 9
1790539200805 0.6065 10
1790539210272 0.58815 11
1790539219600 0.63403 12
1790539229253 0.70774 13
1790539238986 0.69818 14
1790539248862 0.77338 15
1790539258306 0.77752 16
1790539267873 0.73452 17
1790539278955 0.75963 18
1790539288536 0.74925 19
1790539297615 0.75362 20
1790539306931 0.75494 21
1790539318141 0.79826 22
1790539327196 0.80325 23
1790539339364 0.78461 24
1790539348328 0.81679 25
1790539357981 0.78534 26
1790539366684 0.80353 27
1790539375475 0.81066 28
1790539386695 0.80894 29
1790539396301 0.80317 30
1790539406202 0.82151 31
1790539415811 0.83261 32
1790539426338 0.84262 33
1790539436494 0.8459 34
1790539446260 0.84154 35
1790539457115 0.83587 36
1790539467778 0.83136 37
1790539478307 0.84209 38
1790539489524 0.83374 39
1790539498679 0.8338 40
1790539508534 0.83544 41
1790539517625 0.83381 42
1790539529227 0.82896 43
1790539538982 0.82009 44
1790539548616 0.82124 45
1790539557694 0.82234 46
1790539566858 0.83437 47
1790539576581 0.84822 48
1790539588000 0.84357 49
1790539597262 0.8505333333333331 50
