1790539102881 5e-05 0
1790539112347 0.12054 1
1790539123662 0.36618 2
1790539135106 0.54108 3
1790539144098 0.46691 4
1790539153382 0.6105 5
1790539163798 0.75441 6
1790539172680 0.72503 7
1790539182266 0.81916 8
1790539191692 0.92595 9
1790539200805 0.88971 10
1790539210272 0.83099 11
1790539219600 0.84628 12
1790539229253 0.92992 13
1790539238986 0.98548 14
1790539248862 0.995 15
1790539258306 0.995 16
1790539267873 0.995 17
1790539278955 0.995 18
1790539288536 0.995 19
1790539297615 0.995 20
1790539306931 0.995 21
1790539318141 0.995 22
1790539327196 0.995 23
1790539339364 0.995 24
1790539348328 0.995 25
1790539357981 0.995 26
1790539366684 0.995 27
1790539375475 0.995 28
1790539386695 0.995 29
1790539396301 0.995 30
1790539406202 0.995 31
1790539415811 0.995 32
1790539426338 0.995 33
1790539436494 0.995 34
1790539446260 0.995 35
1790539457115 0.995 36
1790539467778 0.995 37
1790539478307 0.995 38
1790539489524 0.995 39
1790539498679 0.995 40
1790539508534 0.995 41
1790539517625 0.995 42
1790539529227 0.995 43
1790539538982 0.995 44
1790539548616 0.995 45
1790539557694 0.995 46
1790539566858 0.995 47
1790539576581 0.995 48
1790539588000 0.995 49
1790539597262 0.995 50
