1790539102881 0.00024 0
1790539112347 0.00178 1
1790539123662 0.00342 2
1790539135106 0.0034 3
1790539144098 0.00339 4
1790539153382 0.97539 5
1790539163798 0.99072 6
1790539172680 0.82693 7
1790539182266 0.79357 8
1790539191692 0.8099 9
1790539200805 0.80225 10
1790539210272 0.80791 11
1790539219600 0.88339 12
1790539229253 0.90514 13
1790539238986 0.80943 14
1790539248862 0.80244 15
1790539258306 0.8501 16
1790539267873 0.9244 17
1790539278955 0.96745 18
1790539288536 0.97304 19
1790539297615 0.97106 20
1790539306931 0.96076 21
1790539318141 0.95174 22
1790539327196 0.95021 23
1790539339364 0.96959 24
1790539348328 0.97905 25
1790539357981 0.97578 26
1790539366684 0.97873 27
1790539375475 0.96943 28
1790539386695 0.96619 29
1790539396301 0.96498 30
1790539406202 0.97693 31
1790539415811 0.98649 32
1790539426338 0.98844 33
1790539436494 0.98773 34
1790539446260 0.98778 35
1790539457115 0.98578 36
1790539467778 0.98453 37
1790539478307 0.98545 38
1790539489524 0.98735 39
1790539498679 0.98688 40
1790539508534 0.98672 41
1790539517625 0.98725 42
1790539529227 0.98828 43
1790539538982 0.98533 44
1790539548616 0.98564 45
1790539557694 0.98493 46
1790539566858 0.98633 47
1790539576581 0.98607 48
1790539588000 0.98718 49
1790539597262 0.9858772507580892 50
