1790539102881 0.06667 0
1790539112347 0.53333 1
1790539123662 1.0 2
1790539135106 1.0 3
1790539144098 1.0 4
1790539153382 0.16667 5
1790539163798 0.16667 6
1790539172680 0.48112 7
1790539182266 0.52823 8
1790539191692 0.77777 9
1790539200805 0.83333 10
1790539210272 0.83333 11
1790539219600 0.72179 12
1790539229253 0.8158 13
1790539238986 0.95758 14
1790539248862 1.0 15
1790539258306 1.0 16
1790539267873 1.0 17
1790539278955 1.0 18
1790539288536 1.0 19
1790539297615 1.0 20
1790539306931 0.99967 21
1790539318141 0.99401 22
1790539327196 0.99966 23
1790539339364 1.0 24
1790539348328 1.0 25
1790539357981 1.0 26
1790539366684 1.0 27
1790539375475 1.0 28
1790539386695 0.99768 29
1790539396301 0.99803 30
1790539406202 1.0 31
1790539415811 1.0 32
1790539426338 1.0 33
1790539436494 1.0 34
1790539446260 1.0 35
1790539457115 1.0 36
1790539467778 1.0 37
1790539478307 1.0 38
1790539489524 1.0 39
1790539498679 1.0 40
1790539508534 1.0 41
1790539517625 1.0 42
1790539529227 1.0 43
1790539538982 1.0 44
1790539548616 1.0 45
1790539557694 1.0 46
1790539566858 1.0 47
1790539576581 1.0 48
1790539588000 1.0 49
1790539597262 1.0 50
