1790948940097 0.00018092307692307692 0
1790948953969 0.00036945999999999995 1
1790948967119 0.000550235323076923 2
1790948979849 0.0005530728 3
1790948992540 0.0005414304 4
1790949004945 0.000529788 5
1790949017363 0.0005181456 6
1790949029946 0.0005065031999999999 7
1790949042558 0.0004948608 8
1790949055318 0.0004832184 9
1790949067804 0.000471576 10
1790949080435 0.0004599336 11
1790949092998 0.0004482912 12
1790949105662 0.0004366488 13
1790949118781 0.0004250064 14
1790949131600 0.00041336399999999994 15
1790949144321 0.00040172159999999995 16
1790949156688 0.0003900791999999999 17
1790949169185 0.0003784368 18
1790949181571 0.0003667944 19
1790949195256 0.00035515199999999996 20
1790949207738 0.0003435096 21
1790949220601 0.00033186719999999997 22
1790949233397 0.00032022480000000003 23
1790949247117 0.00030858240000000004 24
1790949259510 0.00029694 25
1790949523168 0.0002852976 26
1790949536342 0.0002736552 27
1790949548970 0.00026201279999999995 28
1790949561541 0.00025037040000000006 29
1790949574247 0.000238728 30
1790949586573 0.00022708559999999999 31
1790949598923 0.0002154432 32
1790949611344 0.00020380079999999997 33
1790949623739 0.00019215839999999997 34
1790949636047 0.00018051600000000003 35
1790949648487 0.0001688736 36
1790949661264 0.0001572312 37
1790949674290 0.0001455888 38
1790949687229 0.00013394639999999997 39
1790949700310 0.00012230399999999997 40
1790949712820 0.00011066160000000003 41
1790949726266 9.901920000000002e-05 42
1790949738715 8.73768e-05 43
1790949751391 7.573439999999999e-05 44
1790949763927 6.409199999999998e-05 45
1790949776207 5.244959999999997e-05 46
1790949788215 4.0807200000000025e-05 47
1790949800457 2.9164800000000023e-05 48
1790949812325 1.752240000000001e-05 49
