1790539099244 1.76993 0
1790539110204 1.31912 1
1790539120796 1.08041 2
1790539132376 1.044 3
1790539142133 1.15669 4
1790539151201 1.14379 5
1790539161042 1.13969 6
1790539170708 1.06757 7
1790539180116 1.08408 8
1790539189518 1.20134 9
1790539198855 1.14225 10
1790539208068 1.0846 11
1790539217508 1.11743 12
1790539226969 1.23024 13
1790539236984 1.124 14
1790539246674 1.14391 15
1790539256208 1.12761 16
1790539265357 1.11129 17
1790539275818 1.06735 18
1790539286339 1.00721 19
1790539295641 1.09877 20
1790539304718 1.07087 21
1790539315177 1.09988 22
1790539325098 1.03727 23
1790539335412 1.06018 24
1790539346352 1.01763 25
1790539355829 0.99942 26
1790539364809 1.0085 27
1790539373633 0.96226 28
1790539383603 1.02456 29
1790539394032 1.0101 30
1790539403754 0.97572 31
1790539413532 0.95386 32
1790539423857 0.91806 33
1790539434063 1.01902 34
1790539444008 1.01084 35
1790539454604 0.95968 36
1790539465408 0.9623 37
1790539475869 0.97168 38
1790539487127 0.88008 39
1790539496507 0.85277 40
1790539506329 0.76214 41
1790539515381 0.78443 42
1790539526538 0.79025 43
1790539536964 0.7888 44
1790539546569 0.77538 45
1790539555679 0.72899 46
1790539564838 0.74152 47
1790539574297 0.68201 48
1790539585543 0.67818 49
