1790539099244 6.10212 0
1790539110204 5.75824 1
1790539120796 5.4304 2
1790539132376 4.8147 3
1790539142133 4.75055 4
1790539151201 4.2181 5
1790539161042 3.98884 6
1790539170708 3.75194 7
1790539180116 3.85504 8
1790539189518 3.5282 9
1790539198855 3.74529 10
1790539208068 3.30909 11
1790539217508 3.35568 12
1790539226969 3.21199 13
1790539236984 3.13234 14
1790539246674 2.97215 15
1790539256208 3.17271 16
1790539265357 2.79902 17
1790539275818 2.64405 18
1790539286339 2.72547 19
1790539295641 2.91186 20
1790539304718 2.52556 21
1790539315177 2.49818 22
1790539325098 2.32175 23
1790539335412 2.45783 24
1790539346352 2.34429 25
1790539355829 2.38967 26
1790539364809 2.26534 27
1790539373633 2.05041 28
1790539383603 2.23498 29
1790539394032 2.26145 30
1790539403754 2.22029 31
1790539413532 2.11132 32
1790539423857 1.88347 33
1790539434063 2.06211 34
1790539444008 2.03476 35
1790539454604 2.01539 36
1790539465408 1.89916 37
1790539475869 2.07389 38
1790539487127 2.0576 39
1790539496507 2.67058 40
1790539506329 2.65081 41
1790539515381 2.57006 42
1790539526538 2.51735 43
1790539536964 2.58668 44
1790539546569 2.49723 45
1790539555679 2.49585 46
1790539564838 2.50333 47
1790539574297 2.35727 48
1790539585543 2.42087 49
