1790539099244 0.02118 0
1790539110204 0.01518 1
1790539120796 0.01269 2
1790539132376 0.01203 3
1790539142133 0.01353 4
1790539151201 0.01285 5
1790539161042 0.01236 6
1790539170708 0.01191 7
1790539180116 0.01216 8
1790539189518 0.01279 9
1790539198855 0.01342 10
1790539208068 0.01194 11
1790539217508 0.01244 12
1790539226969 0.01317 13
1790539236984 0.01279 14
1790539246674 0.01304 15
1790539256208 0.01272 16
1790539265357 0.01209 17
1790539275818 0.01149 18
1790539286339 0.01086 19
1790539295641 0.01252 20
1790539304718 0.01174 21
1790539315177 0.01235 22
1790539325098 0.0112 23
1790539335412 0.01178 24
1790539346352 0.01132 25
1790539355829 0.01181 26
1790539364809 0.01152 27
1790539373633 0.01012 28
1790539383603 0.01048 29
1790539394032 0.01219 30
1790539403754 0.01069 31
1790539413532 0.01025 32
1790539423857 0.00976 33
1790539434063 0.01086 34
1790539444008 0.01061 35
1790539454604 0.01061 36
1790539465408 0.01123 37
1790539475869 0.01017 38
1790539487127 0.00996 39
1790539496507 0.01204 40
1790539506329 0.01121 41
1790539515381 0.01137 42
1790539526538 0.01138 43
1790539536964 0.01102 44
1790539546569 0.01094 45
1790539555679 0.01033 46
1790539564838 0.01009 47
1790539574297 0.00965 48
1790539585543 0.00936 49
