1790947985096 0.00029166666666666664 0
1790947995730 0.0006126250000000001 1
1790948005523 0.0009203833333333334 2
1790948014870 0.0009406 3
1790948024348 0.0009208 4
1790948035138 0.000901 5
1790948045067 0.0008812 6
1790948055086 0.0008614 7
1790948066119 0.0008416000000000001 8
1790948076181 0.0008218000000000001 9
1790948106150 0.0008020000000000001 10
1790948123474 0.0007822 11
1790948133550 0.0007624 12
1790948143206 0.0007426 13
1790948152514 0.0007228 14
1790948163044 0.000703 15
1790948173431 0.0006831999999999999 16
1790948183301 0.0006633999999999999 17
1790948193328 0.0006436 18
1790948203776 0.0006238 19
1790948217591 0.000604 20
1790948228727 0.0005842000000000001 21
1790948238737 0.0005644000000000001 22
1790948248625 0.0005446000000000001 23
1790948258075 0.0005248000000000001 24
1790948268276 0.000505 25
1790948278069 0.0004852 26
1790948288225 0.0004654 27
1790948299842 0.00044559999999999993 28
1790948309722 0.00042580000000000005 29
1790948319337 0.00040600000000000006 30
1790948329155 0.0003862 31
1790948338709 0.0003664 32
1790948348686 0.00034659999999999997 33
1790948359289 0.0003268 34
1790948369710 0.00030700000000000004 35
1790948381022 0.00028720000000000004 36
1790948390740 0.00026740000000000005 37
1790948400596 0.0002476 38
1790948410546 0.00022779999999999998 39
1790948420737 0.00020799999999999996 40
1790948430301 0.00018820000000000008 41
1790948439729 0.00016840000000000005 42
1790948449411 0.0001486 43
1790948459051 0.00012880000000000001 44
1790948469304 0.00010899999999999998 45
1790948479134 8.919999999999996e-05 46
1790948489202 6.940000000000005e-05 47
1790948498784 4.960000000000004e-05 48
1790948508962 2.9800000000000023e-05 49
