1790947985096 1.76993 0
1790947995730 1.31912 1
1790948005523 1.08041 2
1790948014870 1.044 3
1790948024348 1.15669 4
1790948035138 1.14379 5
1790948045067 1.13969 6
1790948055086 1.06757 7
1790948066119 1.08408 8
1790948076181 1.20134 9
1790948106150 1.14225 10
1790948123474 1.0846 11
1790948133550 1.11743 12
1790948143206 1.23024 13
1790948152514 1.124 14
1790948163044 1.14391 15
1790948173431 1.12761 16
1790948183301 1.11129 17
1790948193328 1.06735 18
1790948203776 1.00721 19
1790948217591 1.09877 20
1790948228727 1.07087 21
1790948238737 1.09988 22
1790948248625 1.03727 23
1790948258075 1.06018 24
1790948268276 1.01763 25
1790948278069 0.99942 26
1790948288225 1.0085 27
1790948299842 0.96226 28
1790948309722 1.02456 29
1790948319337 1.0101 30
1790948329155 0.97572 31
1790948338709 0.95386 32
1790948348686 0.91806 33
1790948359289 1.01902 34
1790948369710 1.01084 35
1790948381022 0.95968 36
1790948390740 0.9623 37
1790948400596 0.97168 38
1790948410546 0.88008 39
1790948420737 0.85277 40
1790948430301 0.76214 41
1790948439729 0.78443 42
1790948449411 0.79025 43
1790948459051 0.7888 44
1790948469304 0.77538 45
1790948479134 0.72899 46
1790948489202 0.74152 47
1790948498784 0.68201 48
1790948508962 0.67818 49
