1790947985096 6.10212 0
1790947995730 5.75824 1
1790948005523 5.4304 2
1790948014870 4.8147 3
1790948024348 4.75055 4
1790948035138 4.2181 5
1790948045067 3.98884 6
1790948055086 3.75194 7
1790948066119 3.85504 8
1790948076181 3.5282 9
1790948106150 3.74529 10
1790948123474 3.30909 11
1790948133550 3.35568 12
1790948143206 3.21199 13
1790948152514 3.13234 14
1790948163044 2.97215 15
1790948173431 3.17271 16
1790948183301 2.79902 17
1790948193328 2.64405 18
1790948203776 2.72547 19
1790948217591 2.91186 20
1790948228727 2.52556 21
1790948238737 2.49818 22
1790948248625 2.32175 23
1790948258075 2.45783 24
1790948268276 2.34429 25
1790948278069 2.38967 26
1790948288225 2.26534 27
1790948299842 2.05041 28
1790948309722 2.23498 29
1790948319337 2.26145 30
1790948329155 2.22029 31
1790948338709 2.11132 32
1790948348686 1.88347 33
1790948359289 2.06211 34
1790948369710 2.03476 35
1790948381022 2.01539 36
1790948390740 1.89916 37
1790948400596 2.07389 38
1790948410546 2.0576 39
1790948420737 2.67058 40
1790948430301 2.65081 41
1790948439729 2.57006 42
1790948449411 2.51735 43
1790948459051 2.58668 44
1790948469304 2.49723 45
1790948479134 2.49585 46
1790948489202 2.50333 47
1790948498784 2.35727 48
1790948508962 2.42087 49
