1790947985096 0.02118 0
1790947995730 0.01518 1
1790948005523 0.01269 2
1790948014870 0.01203 3
1790948024348 0.01353 4
1790948035138 0.01285 5
1790948045067 0.01236 6
1790948055086 0.01191 7
1790948066119 0.01216 8
1790948076181 0.01279 9
1790948106150 0.01342 10
1790948123474 0.01194 11
1790948133550 0.01244 12
1790948143206 0.01317 13
1790948152514 0.01279 14
1790948163044 0.01304 15
1790948173431 0.01272 16
1790948183301 0.01209 17
1790948193328 0.01149 18
1790948203776 0.01086 19
1790948217591 0.01252 20
1790948228727 0.01174 21
1790948238737 0.01235 22
1790948248625 0.0112 23
1790948258075 0.01178 24
1790948268276 0.01132 25
1790948278069 0.01181 26
1790948288225 0.01152 27
1790948299842 0.01012 28
1790948309722 0.01048 29
1790948319337 0.01219 30
1790948329155 0.01069 31
1790948338709 0.01025 32
1790948348686 0.00976 33
1790948359289 0.01086 34
1790948369710 0.01061 35
1790948381022 0.01061 36
1790948390740 0.01123 37
1790948400596 0.01017 38
1790948410546 0.00996 39
1790948420737 0.01204 40
1790948430301 0.01121 41
1790948439729 0.01137 42
1790948449411 0.01138 43
1790948459051 0.01102 44
1790948469304 0.01094 45
1790948479134 0.01033 46
1790948489202 0.01009 47
1790948498784 0.00965 48
1790948508962 0.00936 49
