1790951165236 0.0001893939393939394 0
1790951177350 0.0003898522727272727 1
1790951188575 0.000582060606060606 2
1790951199988 0.000587875 3
1790951212021 0.0005755000000000001 4
1790951223200 0.000563125 5
1790951234050 0.00055075 6
1790951244847 0.000538375 7
1790951255756 0.000526 8
1790951267466 0.0005136250000000001 9
1790951279172 0.0005012500000000001 10
1790951291082 0.000488875 11
1790951302602 0.0004765 12
1790951314203 0.000464125 13
1790951325715 0.00045175 14
1790951337574 0.000439375 15
1790951348771 0.00042699999999999997 16
1790951360375 0.00041462499999999995 17
1790951371477 0.00040225000000000005 18
1790951383347 0.00038987500000000003 19
1790951394317 0.0003775 20
1790951405009 0.00036512500000000005 21
1790951416104 0.00035275000000000004 22
1790951427176 0.0003403750000000001 23
1790951438775 0.00032800000000000006 24
1790951449913 0.000315625 25
1790951461443 0.00030324999999999997 26
1790951472546 0.000290875 27
1790951485900 0.0002785 28
1790951497189 0.00026612500000000003 29
1790951508359 0.00025375 30
1790951519501 0.000241375 31
1790951530447 0.000229 32
1790951541408 0.000216625 33
1790951552353 0.00020425 34
1790951720910 0.00019187500000000004 35
1790951732289 0.0001795 36
1790951745391 0.000167125 37
1790951756963 0.00015475 38
1790951769501 0.00014237499999999998 39
1790952107154 0.00013 40
1790952119007 0.00011762500000000004 41
1790952758799 0.00010525000000000004 42
1790952771174 9.287500000000001e-05 43
1790952781893 8.05e-05 44
