1790539099244 0.00029166666666666664 0
1790539110204 0.0006126250000000001 1
1790539120796 0.0009203833333333334 2
1790539132376 0.0009406 3
1790539142133 0.0009208 4
1790539151201 0.000901 5
1790539161042 0.0008812 6
1790539170708 0.0008614 7
1790539180116 0.0008416000000000001 8
1790539189518 0.0008218000000000001 9
1790539198855 0.0008020000000000001 10
1790539208068 0.0007822 11
1790539217508 0.0007624 12
1790539226969 0.0007426 13
1790539236984 0.0007228 14
1790539246674 0.000703 15
1790539256208 0.0006831999999999999 16
1790539265357 0.0006633999999999999 17
1790539275818 0.0006436 18
1790539286339 0.0006238 19
1790539295641 0.000604 20
1790539304718 0.0005842000000000001 21
1790539315177 0.0005644000000000001 22
1790539325098 0.0005446000000000001 23
1790539335412 0.0005248000000000001 24
1790539346352 0.000505 25
1790539355829 0.0004852 26
1790539364809 0.0004654 27
1790539373633 0.00044559999999999993 28
1790539383603 0.00042580000000000005 29
1790539394032 0.00040600000000000006 30
1790539403754 0.0003862 31
1790539413532 0.0003664 32
1790539423857 0.00034659999999999997 33
1790539434063 0.0003268 34
1790539444008 0.00030700000000000004 35
1790539454604 0.00028720000000000004 36
1790539465408 0.00026740000000000005 37
1790539475869 0.0002476 38
1790539487127 0.00022779999999999998 39
1790539496507 0.00020799999999999996 40
1790539506329 0.00018820000000000008 41
1790539515381 0.00016840000000000005 42
1790539526538 0.0001486 43
1790539536964 0.00012880000000000001 44
1790539546569 0.00010899999999999998 45
1790539555679 8.919999999999996e-05 46
1790539564838 6.940000000000005e-05 47
1790539574297 4.960000000000004e-05 48
1790539585543 2.9800000000000023e-05 49
