1790951167562 0.0 0
1790951179175 0.0 1
1790951190550 0.27639 2
1790951201833 0.44538 3
1790951213919 0.50856 4
1790951224801 0.74625 5
1790951235728 0.82917 6
1790951246449 0.82917 7
1790951257673 0.995 8
1790951269281 0.995 9
1790951281102 0.995 10
1790951292990 0.995 11
1790951304391 0.995 12
1790951316001 0.995 13
1790951327518 0.995 14
1790951339437 0.995 15
1790951350476 0.995 16
1790951362183 0.995 17
1790951373150 0.995 18
1790951385204 0.995 19
1790951395847 0.995 20
1790951406682 0.995 21
1790951417815 0.995 22
1790951428850 0.995 23
1790951440684 0.995 24
1790951451587 0.995 25
1790951463279 0.995 26
1790951474205 0.995 27
1790951487892 0.995 28
1790951499085 0.995 29
1790951510121 0.995 30
1790951521235 0.995 31
1790951532162 0.995 32
1790951543111 0.995 33
1790951554161 0.995 34
1790951722781 0.995 35
1790951735102 0.995 36
1790951747249 0.995 37
1790951758769 0.995 38
1790951771244 0.995 39
1790952109033 0.995 40
1790952120843 0.995 41
1790952761598 0.995 42
1790952772821 0.995 43
1790952783661 0.995 44
1790952786976 0.995 45
