1790951167562 0.0 0
1790951179175 0.0 1
1790951190550 0.13819 2
1790951201833 0.28334 3
1790951213919 0.33609 4
1790951224801 0.48921 5
1790951235728 0.56383 6
1790951246449 0.61358 7
1790951257673 0.64122 8
1790951269281 0.72967 9
1790951281102 0.72967 10
1790951292990 0.6965 11
1790951304391 0.597 12
1790951316001 0.59147 13
1790951327518 0.66333 14
1790951339437 0.6965 15
1790951350476 0.6965 16
1790951362183 0.76283 17
1790951373150 0.76283 18
1790951385204 0.72967 19
1790951395847 0.69857 20
1790951406682 0.76283 21
1790951417815 0.71308 22
1790951428850 0.77942 23
1790951440684 0.6965 24
1790951451587 0.72967 25
1790951463279 0.72967 26
1790951474205 0.76283 27
1790951487892 0.796 28
1790951499085 0.86233 29
1790951510121 0.72967 30
1790951521235 0.6965 31
1790951532162 0.6965 32
1790951543111 0.76283 33
1790951554161 0.72967 34
1790951722781 0.72967 35
1790951735102 0.72967 36
1790951747249 0.72967 37
1790951758769 0.76283 38
1790951771244 0.76283 39
1790952109033 0.76283 40
1790952120843 0.76283 41
1790952761598 0.76283 42
1790952772821 0.76283 43
1790952783661 0.76283 44
1790952786976 0.8623333333333335 45
