1790951167562 0.0 0
1790951179175 0.0 1
1790951190550 0.01081 2
1790951201833 0.01896 3
1790951213919 0.019 4
1790951224801 0.01816 5
1790951235728 0.16041 6
1790951246449 0.01547 7
1790951257673 0.01487 8
1790951269281 0.77616 9
1790951281102 0.88445 10
1790951292990 0.80141 11
1790951304391 0.7169 12
1790951316001 0.65913 13
1790951327518 0.81116 14
1790951339437 0.83676 15
1790951350476 0.83713 16
1790951362183 0.82416 17
1790951373150 0.915 18
1790951385204 0.93733 19
1790951395847 0.90159 20
1790951406682 0.90721 21
1790951417815 0.87329 22
1790951428850 0.88773 23
1790951440684 0.88273 24
1790951451587 0.87771 25
1790951463279 0.94948 26
1790951474205 0.95413 27
1790951487892 0.91426 28
1790951499085 0.90751 29
1790951510121 0.93985 30
1790951521235 0.93162 31
1790951532162 0.93736 32
1790951543111 0.95031 33
1790951554161 0.92941 34
1790951722781 0.9251 35
1790951735102 0.92719 36
1790951747249 0.93898 37
1790951758769 0.94656 38
1790951771244 0.94803 39
1790952109033 0.9538 40
1790952120843 0.96302 41
1790952761598 0.95286 42
1790952772821 0.93562 43
1790952783661 0.93367 44
1790952786976 0.9070197726810441 45
