1790951167562 0.0 0
1790951179175 0.0 1
1790951190550 0.66667 2
1790951201833 1.0 3
1790951213919 1.0 4
1790951224801 1.0 5
1790951235728 1.0 6
1790951246449 1.0 7
1790951257673 1.0 8
1790951269281 0.66667 9
1790951281102 0.66667 10
1790951292990 1.0 11
1790951304391 0.66667 12
1790951316001 1.0 13
1790951327518 1.0 14
1790951339437 1.0 15
1790951350476 1.0 16
1790951362183 1.0 17
1790951373150 1.0 18
1790951385204 1.0 19
1790951395847 1.0 20
1790951406682 1.0 21
1790951417815 1.0 22
1790951428850 1.0 23
1790951440684 1.0 24
1790951451587 1.0 25
1790951463279 1.0 26
1790951474205 1.0 27
1790951487892 1.0 28
1790951499085 1.0 29
1790951510121 1.0 30
1790951521235 1.0 31
1790951532162 1.0 32
1790951543111 1.0 33
1790951554161 1.0 34
1790951722781 1.0 35
1790951735102 1.0 36
1790951747249 1.0 37
1790951758769 1.0 38
1790951771244 1.0 39
1790952109033 1.0 40
1790952120843 1.0 41
1790952761598 1.0 42
1790952772821 1.0 43
1790952783661 1.0 44
1790952786976 1.0 45
