1790948942989 0.0 0
1790948956213 0.12437 1
1790948969290 0.33167 2
1790948981704 0.52859 3
1790948994411 0.62666 4
1790949006764 0.62187 5
1790949019167 0.62187 6
1790949031848 0.82917 7
1790949044417 0.87062 8
1790949057043 0.995 9
1790949069658 0.995 10
1790949082277 0.995 11
1790949094870 0.995 12
1790949107497 0.995 13
1790949120664 0.995 14
1790949133537 0.995 15
1790949146153 0.995 16
1790949158371 0.995 17
1790949170929 0.995 18
1790949183498 0.995 19
1790949197063 0.995 20
1790949209578 0.995 21
1790949222427 0.995 22
1790949235214 0.995 23
1790949248905 0.995 24
1790949510191 0.995 25
1790949525173 0.995 26
1790949538205 0.995 27
1790949550834 0.995 28
1790949563404 0.995 29
1790949575977 0.995 30
1790949588340 0.995 31
1790949600682 0.995 32
1790949613139 0.995 33
1790949625350 0.995 34
1790949637961 0.995 35
1790949650270 0.995 36
1790949663195 0.995 37
1790949676143 0.995 38
1790949689197 0.995 39
1790949702090 0.995 40
1790949714544 0.995 41
1790949728077 0.995 42
1790949740537 0.995 43
1790949753223 0.995 44
1790949765656 0.995 45
1790949777768 0.995 46
1790949790008 0.995 47
1790949802064 0.995 48
1790949814014 0.995 49
1790949817624 0.995 50
