1790948942989 0.0 0
1790948956213 0.0539 1
1790948969290 0.21558 2
1790948981704 0.24937 3
1790948994411 0.31833 4
1790949006764 0.30679 5
1790949019167 0.35003 6
1790949031848 0.43702 7
1790949044417 0.49272 8
1790949057043 0.59878 9
1790949069658 0.68406 10
1790949082277 0.67162 11
1790949094870 0.67162 12
1790949107497 0.58456 13
1790949120664 0.64675 14
1790949133537 0.65504 15
1790949146153 0.67992 16
1790949158371 0.70894 17
1790949170929 0.67163 18
1790949183498 0.70894 19
1790949197063 0.75869 20
1790949209578 0.6965 21
1790949222427 0.74625 22
1790949235214 0.6965 23
1790949248905 0.67163 24
1790949510191 0.72137 25
1790949525173 0.74625 26
1790949538205 0.6965 27
1790949550834 0.6965 28
1790949563404 0.72137 29
1790949575977 0.6965 30
1790949588340 0.72137 31
1790949600682 0.6965 32
1790949613139 0.6965 33
1790949625350 0.74625 34
1790949637961 0.77112 35
1790949650270 0.74625 36
1790949663195 0.74625 37
1790949676143 0.7504 38
1790949689197 0.72493 39
1790949702090 0.6965 40
1790949714544 0.6965 41
1790949728077 0.72137 42
1790949740537 0.72137 43
1790949753223 0.72137 44
1790949765656 0.72137 45
1790949777768 0.72137 46
1790949790008 0.72137 47
1790949802064 0.72137 48
1790949814014 0.72137 49
1790949817624 0.771125 50
