1790948942989 0.0 0
1790948956213 0.05 1
1790948969290 0.01353 2
1790948981704 0.02824 3
1790948994411 0.01968 4
1790949006764 0.01416 5
1790949019167 0.98909 6
1790949031848 0.73754 7
1790949044417 0.77832 8
1790949057043 0.61062 9
1790949069658 0.72265 10
1790949082277 0.7189 11
1790949094870 0.66427 12
1790949107497 0.62283 13
1790949120664 0.73404 14
1790949133537 0.57822 15
1790949146153 0.65456 16
1790949158371 0.68162 17
1790949170929 0.78161 18
1790949183498 0.74186 19
1790949197063 0.80353 20
1790949209578 0.84508 21
1790949222427 0.90293 22
1790949235214 0.86146 23
1790949248905 0.82847 24
1790949510191 0.8807 25
1790949525173 0.88444 26
1790949538205 0.84039 27
1790949550834 0.81609 28
1790949563404 0.77228 29
1790949575977 0.80001 30
1790949588340 0.89472 31
1790949600682 0.83504 32
1790949613139 0.80638 33
1790949625350 0.85401 34
1790949637961 0.90829 35
1790949650270 0.94231 36
1790949663195 0.92358 37
1790949676143 0.89839 38
1790949689197 0.89531 39
1790949702090 0.92839 40
1790949714544 0.91448 41
1790949728077 0.88967 42
1790949740537 0.88882 43
1790949753223 0.89969 44
1790949765656 0.90813 45
1790949777768 0.93453 46
1790949790008 0.93309 47
1790949802064 0.92521 48
1790949814014 0.92991 49
1790949817624 0.9060914684923448 50
