1790948942989 0.0 0
1790948956213 0.25 1
1790948969290 0.5 2
1790948981704 1.0 3
1790948994411 1.0 4
1790949006764 1.0 5
1790949019167 0.25 6
1790949031848 0.5 7
1790949044417 0.75 8
1790949057043 0.75 9
1790949069658 0.75 10
1790949082277 1.0 11
1790949094870 0.75 12
1790949107497 1.0 13
1790949120664 0.75 14
1790949133537 1.0 15
1790949146153 1.0 16
1790949158371 1.0 17
1790949170929 1.0 18
1790949183498 1.0 19
1790949197063 1.0 20
1790949209578 1.0 21
1790949222427 1.0 22
1790949235214 1.0 23
1790949248905 1.0 24
1790949510191 1.0 25
1790949525173 1.0 26
1790949538205 1.0 27
1790949550834 1.0 28
1790949563404 1.0 29
1790949575977 1.0 30
1790949588340 1.0 31
1790949600682 1.0 32
1790949613139 1.0 33
1790949625350 1.0 34
1790949637961 1.0 35
1790949650270 1.0 36
1790949663195 1.0 37
1790949676143 1.0 38
1790949689197 1.0 39
1790949702090 1.0 40
1790949714544 1.0 41
1790949728077 1.0 42
1790949740537 1.0 43
1790949753223 1.0 44
1790949765656 1.0 45
1790949777768 1.0 46
1790949790008 1.0 47
1790949802064 1.0 48
1790949814014 1.0 49
1790949817624 1.0 50
