1790947987616 1e-05 0
1790947998196 0.08579 1
1790948007688 0.23152 2
1790948017045 0.35384 3
1790948026446 0.25561 4
1790948037291 0.40017 5
1790948047373 0.52785 6
1790948057851 0.5193 7
1790948068473 0.59387 8
1790948080013 0.65479 9
1790948110432 0.6065 10
1790948126444 0.58815 11
1790948135566 0.63403 12
1790948145448 0.70774 13
1790948154619 0.69818 14
1790948165477 0.77338 15
1790948175594 0.77752 16
1790948185698 0.73452 17
1790948195497 0.75963 18
1790948206175 0.74925 19
1790948220514 0.75362 20
1790948230831 0.75494 21
1790948240981 0.79826 22
1790948250708 0.80325 23
1790948260488 0.78461 24
1790948270446 0.81679 25
1790948280251 0.78534 26
1790948291488 0.80353 27
1790948302219 0.81066 28
1790948311862 0.80894 29
1790948321444 0.80317 30
1790948331306 0.82151 31
1790948340838 0.83261 32
1790948351037 0.84262 33
1790948361689 0.8459 34
1790948371948 0.84154 35
1790948383254 0.83587 36
1790948392913 0.83136 37
1790948402933 0.84209 38
1790948412730 0.83374 39
1790948422842 0.8338 40
1790948432412 0.83544 41
1790948441882 0.83381 42
1790948451585 0.82896 43
1790948461177 0.82009 44
1790948471592 0.82124 45
1790948481362 0.82234 46
1790948491550 0.83437 47
1790948501199 0.84822 48
1790948511102 0.84357 49
1790948514451 0.8505333333333331 50
