1790947987616 5e-05 0
1790947998196 0.12054 1
1790948007688 0.36618 2
1790948017045 0.54108 3
1790948026446 0.46691 4
1790948037291 0.6105 5
1790948047373 0.75441 6
1790948057851 0.72503 7
1790948068473 0.81916 8
1790948080013 0.92595 9
1790948110432 0.88971 10
1790948126444 0.83099 11
1790948135566 0.84628 12
1790948145448 0.92992 13
1790948154619 0.98548 14
1790948165477 0.995 15
1790948175594 0.995 16
1790948185698 0.995 17
1790948195497 0.995 18
1790948206175 0.995 19
1790948220514 0.995 20
1790948230831 0.995 21
1790948240981 0.995 22
1790948250708 0.995 23
1790948260488 0.995 24
1790948270446 0.995 25
1790948280251 0.995 26
1790948291488 0.995 27
1790948302219 0.995 28
1790948311862 0.995 29
1790948321444 0.995 30
1790948331306 0.995 31
1790948340838 0.995 32
1790948351037 0.995 33
1790948361689 0.995 34
1790948371948 0.995 35
1790948383254 0.995 36
1790948392913 0.995 37
1790948402933 0.995 38
1790948412730 0.995 39
1790948422842 0.995 40
1790948432412 0.995 41
1790948441882 0.995 42
1790948451585 0.995 43
1790948461177 0.995 44
1790948471592 0.995 45
1790948481362 0.995 46
1790948491550 0.995 47
1790948501199 0.995 48
1790948511102 0.995 49
1790948514451 0.995 50
