1790947987616 0.00024 0
1790947998196 0.00178 1
1790948007688 0.00342 2
1790948017045 0.0034 3
1790948026446 0.00339 4
1790948037291 0.97539 5
1790948047373 0.99072 6
1790948057851 0.82693 7
1790948068473 0.79357 8
1790948080013 0.8099 9
1790948110432 0.80225 10
1790948126444 0.80791 11
1790948135566 0.88339 12
1790948145448 0.90514 13
1790948154619 0.80943 14
1790948165477 0.80244 15
1790948175594 0.8501 16
1790948185698 0.9244 17
1790948195497 0.96745 18
1790948206175 0.97304 19
1790948220514 0.97106 20
1790948230831 0.96076 21
1790948240981 0.95174 22
1790948250708 0.95021 23
1790948260488 0.96959 24
1790948270446 0.97905 25
1790948280251 0.97578 26
1790948291488 0.97873 27
1790948302219 0.96943 28
1790948311862 0.96619 29
1790948321444 0.96498 30
1790948331306 0.97693 31
1790948340838 0.98649 32
1790948351037 0.98844 33
1790948361689 0.98773 34
1790948371948 0.98778 35
1790948383254 0.98578 36
1790948392913 0.98453 37
1790948402933 0.98545 38
1790948412730 0.98735 39
1790948422842 0.98688 40
1790948432412 0.98672 41
1790948441882 0.98725 42
1790948451585 0.98828 43
1790948461177 0.98533 44
1790948471592 0.98564 45
1790948481362 0.98493 46
1790948491550 0.98633 47
1790948501199 0.98607 48
1790948511102 0.98718 49
1790948514451 0.9858772507580892 50
