1790947987616 0.06667 0
1790947998196 0.53333 1
1790948007688 1.0 2
1790948017045 1.0 3
1790948026446 1.0 4
1790948037291 0.16667 5
1790948047373 0.16667 6
1790948057851 0.48112 7
1790948068473 0.52823 8
1790948080013 0.77777 9
1790948110432 0.83333 10
1790948126444 0.83333 11
1790948135566 0.72179 12
1790948145448 0.8158 13
1790948154619 0.95758 14
1790948165477 1.0 15
1790948175594 1.0 16
1790948185698 1.0 17
1790948195497 1.0 18
1790948206175 1.0 19
1790948220514 1.0 20
1790948230831 0.99967 21
1790948240981 0.99401 22
1790948250708 0.99966 23
1790948260488 1.0 24
1790948270446 1.0 25
1790948280251 1.0 26
1790948291488 1.0 27
1790948302219 1.0 28
1790948311862 0.99768 29
1790948321444 0.99803 30
1790948331306 1.0 31
1790948340838 1.0 32
1790948351037 1.0 33
1790948361689 1.0 34
1790948371948 1.0 35
1790948383254 1.0 36
1790948392913 1.0 37
1790948402933 1.0 38
1790948412730 1.0 39
1790948422842 1.0 40
1790948432412 1.0 41
1790948441882 1.0 42
1790948451585 1.0 43
1790948461177 1.0 44
1790948471592 1.0 45
1790948481362 1.0 46
1790948491550 1.0 47
1790948501199 1.0 48
1790948511102 1.0 49
1790948514451 1.0 50
